Entropy Summary Statistics:
count    1.971757e+06
mean     8.862389e-01
std      1.340442e+00
min      1.769679e-09
25%      1.919754e-02
50%      2.148576e-01
75%      1.282168e+00
max      1.247132e+01

AUC Summary Statistics:
              auc_2         auc_4         auc_8        auc_16        auc_32        auc_64       auc_128       auc_256       auc_512      auc_1024      auc_2048      auc_4096      auc_8192     auc_16384
count  1.971757e+06  1.971757e+06  1.971757e+06  1.971757e+06  1.971757e+06  1.971757e+06  1.971757e+06  1.971757e+06  1.971757e+06  1.971757e+06  1.971757e+06  1.971757e+06  1.971757e+06  1.971757e+06
mean   4.212836e-01  6.427503e-01  7.706314e-01  8.481298e-01  8.968544e-01  9.285811e-01  9.491059e-01  9.631227e-01  9.729690e-01  9.799499e-01  9.849977e-01  9.887048e-01  9.914698e-01  9.935405e-01
std    1.325337e-01  1.621834e-01  1.554976e-01  1.365064e-01  1.147506e-01  9.439823e-02  7.673481e-02  6.208887e-02  4.968739e-02  3.955814e-02  3.124584e-02  2.448092e-02  1.899182e-02  1.460146e-02
min    3.683307e-07  3.465375e-03  9.307921e-03  4.455765e-02  6.968608e-02  8.877115e-02  1.411809e-01  1.641673e-01  2.225778e-01  2.765120e-01  3.453997e-01  4.138661e-01  4.937423e-01  5.793434e-01
25%    4.048646e-01  5.694450e-01  7.180981e-01  8.098860e-01  8.752855e-01  9.180887e-01  9.443756e-01  9.617328e-01  9.733066e-01  9.809720e-01  9.861621e-01  9.897978e-01  9.923594e-01  9.942120e-01
50%    4.940739e-01  7.379841e-01  8.587612e-01  9.191296e-01  9.491692e-01  9.679306e-01  9.800046e-01  9.868809e-01  9.911670e-01  9.939043e-01  9.956980e-01  9.969201e-01  9.977608e-01  9.983555e-01
75%    4.996300e-01  7.492367e-01  8.739975e-01  9.363706e-01  9.675460e-01  9.831552e-01  9.909337e-01  9.948290e-01  9.967780e-01  9.979517e-01  9.986982e-01  9.991356e-01  9.994150e-01  9.995992e-01
max    5.000000e-01  7.500000e-01  8.750000e-01  9.375000e-01  9.687500e-01  9.843750e-01  9.921875e-01  9.960937e-01  9.980469e-01  9.990234e-01  9.995117e-01  9.997559e-01  9.998779e-01  9.999390e-01