Entropy Summary Statistics:
count    8.121500e+05
mean     7.749011e-01
std      1.265294e+00
min      1.833116e-09
25%      1.713701e-02
50%      1.466983e-01
75%      1.044624e+00
max      1.165715e+01

AUC Summary Statistics:
               auc_2          auc_4          auc_8         auc_16         auc_32         auc_64        auc_128        auc_256        auc_512       auc_1024       auc_2048       auc_4096       auc_8192      auc_16384
count  812150.000000  812150.000000  812150.000000  812150.000000  812150.000000  812150.000000  812150.000000  812150.000000  812150.000000  812150.000000  812150.000000  812150.000000  812150.000000  812150.000000
mean        0.431754       0.657165       0.784089       0.859744       0.905942       0.935564       0.954358       0.967047       0.975872       0.982093       0.986567       0.989851       0.992301       0.994138
std         0.125312       0.153948       0.147639       0.129083       0.108048       0.088491       0.071625       0.057727       0.046064       0.036564       0.028836       0.022571       0.017500       0.013455
min         0.000000       0.007802       0.022073       0.049045       0.078380       0.106103       0.154004       0.204115       0.270498       0.342786       0.416306       0.496527       0.575498       0.652306
25%         0.437873       0.625757       0.742600       0.837773       0.894073       0.931000       0.953163       0.967563       0.977215       0.983571       0.987893       0.990932       0.993138       0.994760
50%         0.495990       0.742486       0.864862       0.926371       0.956895       0.972567       0.982641       0.988398       0.992177       0.994514       0.996036       0.997097       0.997847       0.998389
75%         0.499656       0.749323       0.874121       0.936528       0.967717       0.983331       0.991109       0.995008       0.996960       0.998010       0.998734       0.999143       0.999411       0.999590
max         0.500000       0.750000       0.875000       0.937500       0.968750       0.984375       0.992187       0.996094       0.998047       0.999023       0.999512       0.999756       0.999878       0.999939