Entropy Summary Statistics:
count    3.016750e+06
mean     1.178439e+00
std      1.525692e+00
min      1.769631e-09
25%      8.021217e-02
50%      5.355170e-01
75%      1.767345e+00
max      1.420854e+01

AUC Summary Statistics:
              auc_2         auc_4         auc_8        auc_16        auc_32        auc_64       auc_128       auc_256       auc_512      auc_1024      auc_2048      auc_4096      auc_8192     auc_16384
count  3.016750e+06  3.016750e+06  3.016750e+06  3.016750e+06  3.016750e+06  3.016750e+06  3.016750e+06  3.016750e+06  3.016750e+06  3.016750e+06  3.016750e+06  3.016750e+06  3.016750e+06  3.016750e+06
mean   3.954040e-01  6.109127e-01  7.416921e-01  8.222357e-01  8.752653e-01  9.107514e-01  9.341251e-01  9.505134e-01  9.623166e-01  9.708331e-01  9.771060e-01  9.818259e-01  9.854561e-01  9.882741e-01
std    1.444558e-01  1.738445e-01  1.670898e-01  1.493431e-01  1.278059e-01  1.077122e-01  9.004635e-02  7.560865e-02  6.335232e-02  5.341967e-02  4.531309e-02  3.863085e-02  3.298622e-02  2.815813e-02
min    0.000000e+00  1.549973e-03  7.590513e-03  1.912608e-02  2.433699e-02  4.511764e-02  7.339856e-02  9.604893e-02  1.283214e-01  1.639122e-01  2.137282e-01  2.695865e-01  3.326975e-01  4.050560e-01
25%    3.281919e-01  4.925036e-01  6.668042e-01  7.677406e-01  8.399399e-01  8.901639e-01  9.218243e-01  9.438526e-01  9.590745e-01  9.696638e-01  9.772033e-01  9.826335e-01  9.866126e-01  9.895385e-01
50%    4.782952e-01  7.082338e-01  8.214168e-01  8.768020e-01  9.275852e-01  9.541127e-01  9.698662e-01  9.795078e-01  9.856243e-01  9.896053e-01  9.922486e-01  9.941210e-01  9.954983e-01  9.965383e-01
75%    4.980787e-01  7.460047e-01  8.699815e-01  9.318735e-01  9.627844e-01  9.784224e-01  9.860372e-01  9.913083e-01  9.943553e-01  9.963136e-01  9.975312e-01  9.983210e-01  9.988426e-01  9.991984e-01
max    5.000000e-01  7.500000e-01  8.750000e-01  9.375000e-01  9.687500e-01  9.843750e-01  9.921875e-01  9.960937e-01  9.980469e-01  9.990234e-01  9.995117e-01  9.997559e-01  9.998779e-01  9.999390e-01