Entropy Summary Statistics:
count    2.999988e+06
mean     1.282950e+00
std      1.586402e+00
min      1.833053e-09
25%      9.325995e-02
50%      6.832457e-01
75%      1.937421e+00
max      1.420854e+01

AUC Summary Statistics:
              auc_2         auc_4         auc_8        auc_16        auc_32        auc_64       auc_128       auc_256       auc_512      auc_1024      auc_2048      auc_4096      auc_8192     auc_16384
count  2.999988e+06  2.999988e+06  2.999988e+06  2.999988e+06  2.999988e+06  2.999988e+06  2.999988e+06  2.999988e+06  2.999988e+06  2.999988e+06  2.999988e+06  2.999988e+06  2.999988e+06  2.999988e+06
mean   3.876522e-01  6.002872e-01  7.297994e-01  8.121673e-01  8.665991e-01  9.037031e-01  9.285607e-01  9.461050e-01  9.588312e-01  9.681000e-01  9.749753e-01  9.801741e-01  9.841824e-01  9.872994e-01
std    1.479378e-01  1.783901e-01  1.727132e-01  1.548490e-01  1.333926e-01  1.128594e-01  9.478311e-02  7.973609e-02  6.693158e-02  5.645494e-02  4.783326e-02  4.068764e-02  3.463333e-02  2.944377e-02
min    1.002964e-06  1.610058e-03  7.590579e-03  2.375058e-02  3.415162e-02  4.511768e-02  7.126756e-02  9.604926e-02  1.283214e-01  1.639121e-01  2.137280e-01  2.695853e-01  3.326965e-01  4.050550e-01
25%    3.063602e-01  4.822091e-01  6.421590e-01  7.486194e-01  8.246245e-01  8.781040e-01  9.129200e-01  9.369851e-01  9.537921e-01  9.656267e-01  9.740695e-01  9.802194e-01  9.847448e-01  9.881175e-01
50%    4.715197e-01  6.936587e-01  8.004017e-01  8.692459e-01  9.201885e-01  9.487713e-01  9.658027e-01  9.765793e-01  9.835321e-01  9.881524e-01  9.912527e-01  9.934559e-01  9.950649e-01  9.962514e-01
75%    4.978021e-01  7.454209e-01  8.690169e-01  9.308314e-01  9.616524e-01  9.772256e-01  9.848442e-01  9.908195e-01  9.939700e-01  9.960402e-01  9.973482e-01  9.981939e-01  9.987550e-01  9.991355e-01
max    5.000000e-01  7.500000e-01  8.750000e-01  9.375000e-01  9.687500e-01  9.843750e-01  9.921875e-01  9.960937e-01  9.980469e-01  9.990234e-01  9.995117e-01  9.997559e-01  9.998779e-01  9.999390e-01