Entropy Summary Statistics:
count    7.185500e+05
mean     1.903837e+00
std      1.907093e+00
min      1.542864e-08
25%      2.759101e-01
50%      1.415623e+00
75%      2.897877e+00
max      1.420854e+01

AUC Summary Statistics:
               auc_2          auc_4          auc_8         auc_16         auc_32         auc_64        auc_128        auc_256        auc_512       auc_1024       auc_2048       auc_4096       auc_8192      auc_16384
count  718550.000000  718550.000000  718550.000000  718550.000000  718550.000000  718550.000000  718550.000000  718550.000000  718550.000000  718550.000000  718550.000000  718550.000000  718550.000000  718550.000000
mean        0.344542       0.534813       0.661854       0.748375       0.812414       0.859588       0.892401       0.916966       0.935872       0.950252       0.961226       0.969725       0.976423       0.981648
std         0.161764       0.201010       0.200236       0.184647       0.163447       0.141907       0.121410       0.103448       0.086987       0.072741       0.060447       0.049935       0.040870       0.033256
min         0.000000       0.001550       0.009309       0.019126       0.040607       0.052123       0.074228       0.097652       0.128321       0.163912       0.213728       0.269586       0.332698       0.405056
25%         0.210560       0.382527       0.528109       0.639479       0.733714       0.805607       0.854761       0.891250       0.918895       0.939107       0.953934       0.964994       0.973363       0.979657
50%         0.409061       0.575412       0.710071       0.799608       0.864056       0.908960       0.936312       0.955622       0.968659       0.977626       0.983826       0.988167       0.991273       0.993509
75%         0.492705       0.733019       0.852320       0.910963       0.940832       0.964557       0.977049       0.985075       0.990085       0.993309       0.995387       0.996796       0.997720       0.998357
max         0.500000       0.750000       0.875000       0.937500       0.968750       0.984375       0.992187       0.996094       0.998047       0.999023       0.999512       0.999756       0.999878       0.999939