Entropy Summary Statistics:
count    7.168000e+05
mean     1.903980e+00
std      1.907510e+00
min      1.608911e-08
25%      2.757612e-01
50%      1.415495e+00
75%      2.898099e+00
max      1.420854e+01

AUC Summary Statistics:
               auc_2          auc_4          auc_8         auc_16         auc_32         auc_64        auc_128        auc_256        auc_512       auc_1024       auc_2048       auc_4096       auc_8192      auc_16384
count  716800.000000  716800.000000  716800.000000  716800.000000  716800.000000  716800.000000  716800.000000  716800.000000  716800.000000  716800.000000  716800.000000  716800.000000  716800.000000  716800.000000
mean        0.344544       0.534812       0.661847       0.748366       0.812401       0.859573       0.892388       0.916952       0.935860       0.950240       0.961217       0.969717       0.976417       0.981643
std         0.161769       0.201031       0.200268       0.184680       0.163486       0.141945       0.121444       0.103480       0.087015       0.072764       0.060465       0.049949       0.040880       0.033263
min         0.000000       0.001550       0.009309       0.019126       0.040607       0.052123       0.074228       0.097652       0.128321       0.163912       0.213728       0.269586       0.332698       0.405056
25%         0.210533       0.382496       0.528085       0.639430       0.733700       0.805593       0.854752       0.891241       0.918891       0.939099       0.953927       0.964989       0.973359       0.979653
50%         0.409082       0.575423       0.710099       0.799628       0.864064       0.908980       0.936325       0.955630       0.968671       0.977634       0.983832       0.988171       0.991276       0.993512
75%         0.492711       0.733036       0.852335       0.910979       0.940853       0.964563       0.977055       0.985083       0.990089       0.993311       0.995389       0.996798       0.997721       0.998357
max         0.500000       0.750000       0.875000       0.937500       0.968750       0.984375       0.992187       0.996094       0.998047       0.999023       0.999512       0.999756       0.999878       0.999939