Entropy Summary Statistics:
count    1.437100e+06
mean     1.610443e+00
std      1.757368e+00
min      1.769631e-09
25%      1.658542e-01
50%      1.093592e+00
75%      2.451812e+00
max      1.420854e+01

AUC Summary Statistics:
              auc_2         auc_4         auc_8        auc_16        auc_32        auc_64       auc_128       auc_256       auc_512      auc_1024      auc_2048      auc_4096      auc_8192     auc_16384
count  1.437100e+06  1.437100e+06  1.437100e+06  1.437100e+06  1.437100e+06  1.437100e+06  1.437100e+06  1.437100e+06  1.437100e+06  1.437100e+06  1.437100e+06  1.437100e+06  1.437100e+06  1.437100e+06
mean   3.634498e-01  5.641999e-01  6.935376e-01  7.784455e-01  8.385992e-01  8.811874e-01  9.102957e-01  9.314854e-01  9.473588e-01  9.591802e-01  9.680817e-01  9.748938e-01  9.802064e-01  9.843413e-01
std    1.561998e-01  1.912152e-01  1.875761e-01  1.708842e-01  1.491929e-01  1.280569e-01  1.086133e-01  9.213228e-02  7.754652e-02  6.529509e-02  5.498585e-02  4.629673e-02  3.885091e-02  3.252804e-02
min    0.000000e+00  1.549973e-03  9.308680e-03  1.912608e-02  2.433699e-02  4.511764e-02  7.339856e-02  9.604893e-02  1.283214e-01  1.639122e-01  2.137282e-01  2.695865e-01  3.326975e-01  4.050560e-01
25%    2.490694e-01  4.305943e-01  5.800607e-01  6.893767e-01  7.763952e-01  8.406978e-01  8.831927e-01  9.138490e-01  9.363204e-01  9.524023e-01  9.640849e-01  9.725872e-01  9.789900e-01  9.838088e-01
50%    4.391013e-01  6.308940e-01  7.419994e-01  8.370726e-01  8.924225e-01  9.289980e-01  9.512576e-01  9.661736e-01  9.762533e-01  9.830346e-01  9.877115e-01  9.910061e-01  9.933682e-01  9.950693e-01
75%    4.960437e-01  7.408472e-01  8.628725e-01  9.235515e-01  9.540011e-01  9.696347e-01  9.817589e-01  9.881637e-01  9.923454e-01  9.949223e-01  9.965715e-01  9.976485e-01  9.983721e-01  9.988484e-01
max    5.000000e-01  7.500000e-01  8.750000e-01  9.375000e-01  9.687500e-01  9.843750e-01  9.921875e-01  9.960937e-01  9.980469e-01  9.990234e-01  9.995117e-01  9.997559e-01  9.998779e-01  9.999390e-01