Entropy Summary Statistics:
count    5.978800e+06
mean     9.625814e-01
std      1.387834e+00
min      1.365580e-09
25%      6.580658e-02
50%      2.981611e-01
75%      1.381902e+00
max      1.420854e+01

AUC Summary Statistics:
              auc_2         auc_4         auc_8        auc_16        auc_32        auc_64       auc_128       auc_256       auc_512      auc_1024      auc_2048      auc_4096      auc_8192     auc_16384
count  5.978800e+06  5.978800e+06  5.978800e+06  5.978800e+06  5.978800e+06  5.978800e+06  5.978800e+06  5.978800e+06  5.978800e+06  5.978800e+06  5.978800e+06  5.978800e+06  5.978800e+06  5.978800e+06
mean   4.127122e-01  6.361000e-01  7.667488e-01  8.444239e-01  8.933025e-01  9.249075e-01  9.452558e-01  9.592343e-01  9.690397e-01  9.759574e-01  9.809744e-01  9.847165e-01  9.875867e-01  9.898255e-01
std    1.350767e-01  1.608766e-01  1.530391e-01  1.355363e-01  1.149972e-01  9.622546e-02  8.007896e-02  6.708892e-02  5.622092e-02  4.754150e-02  4.054092e-02  3.483034e-02  3.003167e-02  2.590613e-02
min    8.452733e-07  1.550070e-03  7.590579e-03  1.912634e-02  2.433701e-02  4.511768e-02  7.339898e-02  9.604926e-02  1.283216e-01  1.639122e-01  2.137283e-01  2.695853e-01  3.326965e-01  4.050550e-01
25%    3.813520e-01  5.480718e-01  7.153301e-01  8.103635e-01  8.742723e-01  9.157771e-01  9.409127e-01  9.580859e-01  9.696386e-01  9.775115e-01  9.830130e-01  9.869318e-01  9.897624e-01  9.918331e-01
50%    4.863249e-01  7.290209e-01  8.500526e-01  9.102270e-01  9.402535e-01  9.634480e-01  9.763576e-01  9.843290e-01  9.890211e-01  9.918841e-01  9.937501e-01  9.950384e-01  9.960294e-01  9.968301e-01
75%    4.983052e-01  7.467264e-01  8.709471e-01  9.330119e-01  9.639927e-01  9.796258e-01  9.872897e-01  9.918289e-01  9.948552e-01  9.966452e-01  9.977500e-01  9.984502e-01  9.989115e-01  9.992318e-01
max    5.000000e-01  7.500000e-01  8.750000e-01  9.375000e-01  9.687500e-01  9.843750e-01  9.921875e-01  9.960937e-01  9.980469e-01  9.990234e-01  9.995117e-01  9.997559e-01  9.998779e-01  9.999390e-01