Entropy Summary Statistics:
count    4.344000e+06
mean     9.640999e-01
std      1.387163e+00
min      1.415118e-09
25%      6.505577e-02
50%      3.006204e-01
75%      1.385963e+00
max      1.406997e+01

AUC Summary Statistics:
              auc_2         auc_4         auc_8        auc_16        auc_32        auc_64       auc_128       auc_256       auc_512      auc_1024      auc_2048      auc_4096      auc_8192     auc_16384
count  4.344000e+06  4.344000e+06  4.344000e+06  4.344000e+06  4.344000e+06  4.344000e+06  4.344000e+06  4.344000e+06  4.344000e+06  4.344000e+06  4.344000e+06  4.344000e+06  4.344000e+06  4.344000e+06
mean   4.125401e-01  6.358108e-01  7.664648e-01  8.442186e-01  8.931663e-01  9.248312e-01  9.452225e-01  9.592261e-01  9.690479e-01  9.759767e-01  9.810007e-01  9.847463e-01  9.876170e-01  9.898544e-01
std    1.351537e-01  1.610011e-01  1.531348e-01  1.355736e-01  1.150095e-01  9.618210e-02  8.000173e-02  6.698487e-02  5.609804e-02  4.740707e-02  4.040306e-02  3.469705e-02  2.990879e-02  2.579876e-02
min    0.000000e+00  1.550351e-03  7.590500e-03  2.488909e-02  2.433687e-02  4.511762e-02  7.663683e-02  1.008597e-01  1.330962e-01  1.738885e-01  2.172162e-01  2.695858e-01  3.326969e-01  4.050553e-01
25%    3.807951e-01  5.469722e-01  7.148037e-01  8.099625e-01  8.739567e-01  9.155716e-01  9.407725e-01  9.579781e-01  9.695578e-01  9.774554e-01  9.829703e-01  9.869031e-01  9.897406e-01  9.918150e-01
50%    4.862747e-01  7.288771e-01  8.497998e-01  9.099305e-01  9.399526e-01  9.633636e-01  9.762840e-01  9.842777e-01  9.889904e-01  9.918671e-01  9.937458e-01  9.950416e-01  9.960345e-01  9.968389e-01
75%    4.983303e-01  7.467655e-01  8.709895e-01  9.330569e-01  9.640473e-01  9.796759e-01  9.873431e-01  9.918553e-01  9.948827e-01  9.966682e-01  9.977691e-01  9.984653e-01  9.989228e-01  9.992408e-01
max    5.000000e-01  7.500000e-01  8.750000e-01  9.375000e-01  9.687500e-01  9.843750e-01  9.921875e-01  9.960937e-01  9.980469e-01  9.990234e-01  9.995117e-01  9.997559e-01  9.998779e-01  9.999390e-01