Entropy Summary Statistics:
count    5.006128e+06
mean     6.705715e-01
std      1.137854e+00
min      1.415125e-09
25%      7.898511e-02
50%      1.932765e-01
75%      7.422217e-01
max      1.406997e+01

AUC Summary Statistics:
              auc_2         auc_4         auc_8        auc_16        auc_32        auc_64       auc_128       auc_256       auc_512      auc_1024      auc_2048      auc_4096      auc_8192     auc_16384
count  5.006128e+06  5.006128e+06  5.006128e+06  5.006128e+06  5.006128e+06  5.006128e+06  5.006128e+06  5.006128e+06  5.006128e+06  5.006128e+06  5.006128e+06  5.006128e+06  5.006128e+06  5.006128e+06
mean   4.363886e-01  6.707781e-01  8.008615e-01  8.738976e-01  9.166812e-01  9.428996e-01  9.594999e-01  9.705255e-01  9.778329e-01  9.827416e-01  9.861752e-01  9.886840e-01  9.906003e-01  9.921111e-01
std    1.169210e-01  1.354744e-01  1.266409e-01  1.107396e-01  9.289419e-02  7.696391e-02  6.371812e-02  5.320496e-02  4.447143e-02  3.755646e-02  3.203582e-02  2.758265e-02  2.388035e-02  2.071639e-02
min    0.000000e+00  3.465517e-03  7.590993e-03  2.488921e-02  3.887969e-02  5.237444e-02  7.663679e-02  1.008597e-01  1.330963e-01  1.738886e-01  2.172164e-01  2.695860e-01  3.326971e-01  4.050556e-01
25%    4.574067e-01  6.769943e-01  7.852522e-01  8.658728e-01  9.194029e-01  9.487156e-01  9.651634e-01  9.754936e-01  9.820862e-01  9.863681e-01  9.892469e-01  9.913244e-01  9.928739e-01  9.940298e-01
50%    4.877053e-01  7.349889e-01  8.589600e-01  9.207932e-01  9.516447e-01  9.678142e-01  9.801315e-01  9.875830e-01  9.915118e-01  9.936310e-01  9.948699e-01  9.956683e-01  9.962718e-01  9.967941e-01
75%    4.971496e-01  7.455181e-01  8.698117e-01  9.319023e-01  9.629181e-01  9.785750e-01  9.862409e-01  9.910257e-01  9.943122e-01  9.962259e-01  9.973221e-01  9.980150e-01  9.984972e-01  9.988506e-01
max    5.000000e-01  7.500000e-01  8.750000e-01  9.375000e-01  9.687500e-01  9.843750e-01  9.921875e-01  9.960937e-01  9.980469e-01  9.990234e-01  9.995117e-01  9.997559e-01  9.998779e-01  9.999390e-01