Entropy Summary Statistics:
count    2.163200e+06
mean     1.280600e+00
std      1.582360e+00
min      1.833101e-09
25%      9.188622e-02
50%      6.822735e-01
75%      1.935608e+00
max      1.406997e+01

AUC Summary Statistics:
              auc_2         auc_4         auc_8        auc_16        auc_32        auc_64       auc_128       auc_256       auc_512      auc_1024      auc_2048      auc_4096      auc_8192     auc_16384
count  2.163200e+06  2.163200e+06  2.163200e+06  2.163200e+06  2.163200e+06  2.163200e+06  2.163200e+06  2.163200e+06  2.163200e+06  2.163200e+06  2.163200e+06  2.163200e+06  2.163200e+06  2.163200e+06
mean   3.873181e-01  5.994320e-01  7.300724e-01  8.119195e-01  8.667504e-01  9.039868e-01  9.287413e-01  9.462432e-01  9.589726e-01  9.682351e-01  9.750983e-01  9.802836e-01  9.842816e-01  9.873840e-01
std    1.478971e-01  1.785745e-01  1.724865e-01  1.547689e-01  1.330823e-01  1.125959e-01  9.441757e-02  7.943124e-02  6.659865e-02  5.612028e-02  4.751359e-02  4.038430e-02  3.434493e-02  2.919160e-02
min    1.424454e-06  1.550070e-03  7.590579e-03  2.488873e-02  2.433701e-02  4.511768e-02  7.663683e-02  1.008599e-01  1.359271e-01  1.747278e-01  2.172156e-01  2.695853e-01  3.326965e-01  4.050550e-01
25%    3.056997e-01  4.809194e-01  6.427745e-01  7.478264e-01  8.246838e-01  8.786017e-01  9.130116e-01  9.370483e-01  9.538680e-01  9.656890e-01  9.741307e-01  9.802800e-01  9.847931e-01  9.881583e-01
50%    4.708253e-01  6.921966e-01  8.005157e-01  8.690053e-01  9.201050e-01  9.488599e-01  9.657964e-01  9.765770e-01  9.835441e-01  9.881709e-01  9.912819e-01  9.934835e-01  9.950883e-01  9.962732e-01
75%    4.978356e-01  7.453656e-01  8.691219e-01  9.308635e-01  9.617202e-01  9.773598e-01  9.849348e-01  9.908772e-01  9.940177e-01  9.960792e-01  9.973806e-01  9.982171e-01  9.987710e-01  9.991478e-01
max    5.000000e-01  7.500000e-01  8.750000e-01  9.375000e-01  9.687500e-01  9.843750e-01  9.921875e-01  9.960937e-01  9.980469e-01  9.990234e-01  9.995117e-01  9.997559e-01  9.998779e-01  9.999390e-01